opcode	A			B			cin
--ADD	
00001	00110000	00010000	0
--SUB
00010	00110000	00010000	0
--ADDC
00011	00110000	00010000	1
--MULT
00100	00110000	00010000	0
--MAX
00111	00110000	00010000	0
--MIN
01000	00110000	00010000	0
--AND
01001	00110000	00010000	0
--OR
01010	00110000	00010000	0
--XOR
01011	00110000	00010000	0
--MACRST
00110	00110000	00010000	0
--MACRST
00110	00110000	00010000	0
--MAC
00101	00110000	00010000	0
--MAC
00101	00110000	00010000	0
--ADD_checkIfHolds
00001	00110000	00010000	0
--MAC
00101	00110000	00010000	0
--MAC
00101	00110000	00010000	0
--RLA2
01100	11011010	00000010	0
--RLA3
01100	11011010	00000011	0
--RLC1
01101	11011010	00000001	1
--RLC3
01101	11011010	00000011	1
--RRA1
01110	11011010	00000001	0
--RRA2
01110	11011010	00000010	0
--RRC1
01111	11011010	00000001	0
--RRC2
01111	11011010	00000010	0

01111	11011010	00000010	0
01111	11011010	00000010	0